1:[0.34390752633281024, 0.2922403742075529, 0.36385209945963687]
11cc:[1.6666666666666662e-06, 0.9901669696760432, 0.009831363657290051]
11ccc:[1.6666666666666669e-06, 1.3127718090362814e-05, 0.9999852056152431]
11cccr:[2.5e-06, 0.9999975]
11ccr:[1.6666666666620815e-06, 0.23739795565720287, 0.7626003776761304]
11ccrr:[2.5e-06, 0.9999975]
11crc:[1.66666666666673e-06, 0.1513391309945953, 0.848659202338738]
11crcc:[1.6666666666666667e-06, 5.314775910364146e-06, 0.999993018557423]
11crccr:[2.5e-06, 0.9999975]
11crcr:[1.6666666666666667e-06, 1.2663690476190472e-05, 0.9999856696428571]
11crcrr:[2.5e-06, 0.9999975]
11rc:[1.6666666666666662e-06, 6.126456150377332e-06, 0.9999922068771829]
11rcc:[1.6666666666666669e-06, 8.788626686841375e-06, 0.9999895447066466]
11rccr:[2.5e-06, 0.9999975]
11rcr:[1.6666666666666667e-06, 5.580357142857142e-06, 0.9999927529761905]
11rcrr:[2.5e-06, 0.9999975]
11rrc:[1.6666666666666635e-06, 0.0014916550081798348, 0.9985066783251535]
11rrcc:[1.6666666666666662e-06, 7.0400588802069594e-06, 0.999991293274453]
11rrccr:[2.5e-06, 0.9999975]
11rrcr:[1.6666666666666662e-06, 5.8852094385499545e-06, 0.9999924481238948]
11rrcrr:[2.5e-06, 0.9999975]
12cc:[1.111111111111113e-06, 0.09792731288528245, 0.9020715760036065]
12ccc:[1.2861297042042461e-06, 0.7762453545914993, 0.22375335927879636]
12cccr:[0.9999290475247399, 7.095247526011903e-05]
12ccr:[0.8855479997432018, 1.6113515195199863e-05, 0.11443588674160318]
12ccrr:[0.9998916665827603, 0.00010833341723973038]
12crc:[0.21788587394556871, 0.21754108057008129, 0.5645730454843498]
12crcc:[1.3454436869862415e-06, 0.00010808465404969921, 0.9998905699022632]
12crccr:[0.994732429494188, 0.005267570505811969]
12crcr:[0.8300258441514022, 0.00018551961915021182, 0.16978863622944765]
12crcrr:[0.9998838667094964, 0.00011613329050369229]
12rc:[1.111111111111114e-06, 0.36634730321462877, 0.6336515856742602]
12rcc:[1.1111111111111068e-06, 0.8121346701443709, 0.18786421874451786]
12rccr:[0.9999344830702992, 6.551692970080929e-05]
12rcr:[0.7177131557122123, 4.717160900985836e-05, 0.2822396726787779]
12rcrr:[0.9996330122023733, 0.00036698779762672757]
12rrc:[0.01253577743762166, 0.9105321805467834, 0.07693204201559484]
12rrcc:[1.1111111111111117e-06, 0.024544574014712092, 0.9754543148741768]
12rrccr:[0.9986275223472056, 0.0013724776527942592]
12rrcr:[0.9989153731448666, 1.6281692772805138e-05, 0.0010683451623607041]
12rrcrr:[0.9996859922360695, 0.00031400776393048445]
13cc:[3.1390258686725384e-05, 0.1851955184654716, 0.8147730912758415]
13ccc:[1.111111111111111e-06, 0.999913412650771, 8.547623811785163e-05]
13cccr:[0.9999411301615879, 5.8869838412029786e-05]
13ccr:[0.9399525255094947, 2.5004391552989996e-05, 0.06002247009895226]
13ccrr:[0.6898793351799938, 0.3101206648200062]
13crc:[0.11202575409007365, 0.7226757851996489, 0.1652984607102775]
13crcc:[1.11111111111111e-06, 0.005475061801473257, 0.9945238270874157]
13crccr:[0.9979265769627741, 0.0020734230372258405]
13crcr:[0.8200538531100499, 2.078118818082172e-05, 0.1799253657017693]
13crcrr:[0.9999326707398751, 6.732926012487405e-05]
13rc:[1.111111111111111e-06, 2.112900688436338e-05, 0.9999777598820044]
13rcc:[4.444444444444445e-06, 0.9998952714691751, 0.00010028408638049556]
13rccr:[0.999271681062952, 0.000728318937047895]
13rcr:[0.9989040583104718, 5.555555555555556e-06, 0.0010903861339726895]
13rcrr:[0.9303780371815155, 0.0696219628184845]
13rrc:[0.24241569504921026, 0.6156880900468968, 0.14189621490389281]
13rrcc:[4.444444444444445e-06, 0.008941552859130496, 0.9910540026964251]
13rrccr:[0.9999673302283287, 3.2669771671203304e-05]
13rrcr:[0.9990137466905247, 1.9247626485158764e-05, 0.000967005682990291]
13rrcrr:[0.9999569819332516, 4.3018066748529806e-05]
1c:[4.166666666666631e-07, 0.486942918115601, 0.5130566652177324]
1cr:[6.25e-07, 0.999999375]
1r:[4.1666666666666963e-07, 0.857835723002108, 0.14216386033122524]
1rr:[6.25e-07, 0.999999375]
2:[8.443760172358968e-06, 0.4110742193130288, 0.5889173369267988]
21cc:[7.25312607917221e-05, 0.99686738097033, 0.0030600877688783217]
21ccc:[1.1111111111111127e-06, 0.10931206241919113, 0.8906868264696978]
21cccr:[0.999995, 5e-06]
21ccr:[0.7383428841904047, 1.984706537684405e-06, 0.2616551311030576]
21ccrr:[0.999995, 5e-06]
21crc:[0.39959104359126285, 0.2972932573961132, 0.303115699012624]
21crcc:[1.111111111111111e-06, 0.00047991685224872574, 0.9995189720366402]
21crccr:[0.7300910007625984, 0.26990899923740164]
21crcr:[0.517018502354905, 0.19627672186061587, 0.2867047757844792]
21crcrr:[0.6015345421699856, 0.39846545783001436]
21rc:[1.1111111111110945e-06, 0.753348435993614, 0.2466504528952749]
21rcc:[6.166112392604738e-06, 0.7617934219679446, 0.23820041191966276]
21rccr:[0.999981817369334, 1.8182630666056606e-05]
21rcr:[0.7102782450112743, 1.6512644028026517e-05, 0.2897052423446976]
21rcrr:[0.9994543107068445, 0.0005456892931554793]
21rrc:[0.17748477725313222, 0.6834042227358004, 0.13911100001106738]
21rrcc:[6.1489804988280815e-06, 0.025420373900010725, 0.9745734771194905]
21rrccr:[0.9984311967338458, 0.0015688032661540796]
21rrcr:[0.9975629511680705, 0.00011739019274637405, 0.0023196586391832142]
21rrcrr:[0.9999497744396653, 5.0225560334677164e-05]
22cc:[3.3333333333333367e-06, 0.02077080308606783, 0.9792258635805988]
22ccc:[1.6666666666666667e-06, 8.008796187853174e-06, 0.9999903245371455]
22cccr:[5e-06, 0.999995]
22ccr:[1.6666666666666667e-06, 4.787767562361178e-05, 0.9999504556577097]
22ccrr:[5e-06, 0.999995]
22crc:[1.6666666666666667e-06, 0.00020709047899060822, 0.9997912428543427]
22crcc:[1.6666666666666667e-06, 9.391402595569269e-06, 0.9999889419307377]
22crccr:[2.5e-06, 0.9999975]
22crcr:[1.6666666666666667e-06, 2.1779282062272572e-05, 0.9999765540512711]
22crcrr:[2.5e-06, 0.9999975]
22rc:[3.3333333333333337e-06, 5.981800941286122e-05, 0.9999368486572539]
22rcc:[5e-06, 7.85310140625607e-06, 0.9999871468985938]
22rccr:[5e-06, 0.999995]
22rcr:[5e-06, 9.008151579076533e-06, 0.999985991848421]
22rcrr:[5e-06, 0.999995]
22rrc:[1.6666666666666667e-06, 0.0015433481524634069, 0.99845498518087]
22rrcc:[5e-06, 9.41400928188881e-06, 0.9999855859907181]
22rrccr:[2.5e-06, 0.9999975]
22rrcr:[5e-06, 9.921042325082884e-06, 0.9999850789576749]
22rrcrr:[2.5e-06, 0.9999975]
23cc:[3.3333333333332944e-06, 0.5941243907876734, 0.40587227587899327]
23ccc:[1.111111111111111e-06, 3.7777777777777777e-06, 0.9999951111111111]
23cccr:[1.5053055927180769e-05, 0.9999849469440727]
23ccr:[1.1111111111111112e-06, 0.9961464554661514, 0.0038524334227376033]
23ccrr:[1.3693745300246179e-05, 0.9999863062546998]
23crc:[1.1111111111111112e-06, 0.9999579281830703, 4.09607058188217e-05]
23crcc:[1.111111111105321e-06, 0.7343729906660182, 0.26562589822287064]
23crccr:[1.6666666666666667e-06, 0.9999983333333333]
23crcr:[0.00010178743901823178, 0.9997892778640344, 0.00010893469694744771]
23crcrr:[0.9948969008754428, 0.005103099124557241]
23rc:[2.2222222222222212e-06, 0.9984887071396519, 0.0015090706381258227]
23rcc:[1.111111111111111e-06, 0.006173691145694886, 0.9938251977431941]
23rccr:[0.000165420774081625, 0.9998345792259182]
23rcr:[1.111111111111111e-06, 0.9999626656209238, 3.622326796506303e-05]
23rcrr:[3.3333333333333333e-06, 0.9999966666666666]
23rrc:[1.1111111111110363e-06, 0.8019064056020682, 0.19809248328682066]
23rrcc:[1.1111111111111112e-06, 0.9953128867240119, 0.004686002164877186]
23rrccr:[0.015563963835108876, 0.9844360361648912]
23rrcr:[0.2653862453802812, 0.7345929785939921, 2.077602572684957e-05]
23rrcrr:[0.9998821157892483, 0.00011788421075179853]
2c:[4.16666666666661e-07, 0.3594102957425085, 0.6405892875908249]
2cr:[3.1082726051042808e-06, 0.9999968917273948]
2r:[2.0951972193421e-06, 0.8090833561570764, 0.19091454864570423]
2rr:[1.25e-06, 0.99999875]
3:[1.3893205377379885e-05, 0.11031560643888479, 0.8896705003557378]
31cc:[2.28618789297243e-05, 0.9999592452698692, 1.7892851201138296e-05]
31ccc:[5.555555555555555e-06, 0.9999755555555554, 1.8888888888888886e-05]
31cccr:[0.0009336163052282273, 0.9990663836947717]
31ccr:[0.0011925255264250065, 0.9987986802950013, 8.794178573600677e-06]
31ccrr:[0.4443150188007375, 0.5556849811992626]
31crc:[8.004199273100564e-06, 0.9999763368731357, 1.5658927591362544e-05]
31crcc:[5.555555555555613e-06, 0.1888756644519398, 0.8111187799925047]
31crccr:[5.587025435812033e-06, 0.9999944129745643]
31crcr:[2.8443406507548653e-05, 0.9999154876940698, 5.6068899422690364e-05]
31crcrr:[7.030748961462512e-05, 0.9999296925103854]
31rc:[2.222222222222222e-06, 0.9999403255642731, 5.7452213504655536e-05]
31rcc:[2.7777777777777775e-06, 0.00021770240871627072, 0.9997795198135059]
31rccr:[0.00041474675141069806, 0.9995852532485894]
31rcr:[1.5273069324336068e-05, 0.9999744340533435, 1.0292877332245983e-05]
31rcrr:[6.321410118363021e-06, 0.9999936785898815]
31rrc:[3.3940497874924102e-06, 0.9999292833068798, 6.732264333260129e-05]
31rrcc:[2.7777777777761673e-06, 0.5466245319872178, 0.4533726902350045]
31rrccr:[5.937480450706396e-06, 0.9999940625195493]
31rrcr:[1.4693969516781117e-05, 0.9998889350791642, 9.637095131895096e-05]
31rrcrr:[0.9965976724788064, 0.0034023275211937354]
32cc:[3.3333333333333333e-06, 0.9999126840032385, 8.398266342820656e-05]
32ccc:[8.88888888888889e-06, 0.11525947656773972, 0.8847316345433714]
32cccr:[0.2690364995842389, 0.7309635004157612]
32ccr:[0.00029189504094648836, 0.9996848361597847, 2.3268799268736033e-05]
32ccrr:[0.9612454513818072, 0.03875454861819284]
32crc:[1.111111111111111e-06, 0.9998651290994376, 0.00013375978945124155]
32crcc:[8.88888888888675e-06, 0.39685557194519877, 0.6031355391659122]
32crccr:[1.6666666666666667e-06, 0.9999983333333333]
32crcr:[9.77557047681936e-05, 0.9998966887396762, 5.555555555555555e-06]
32crcrr:[0.6841214341345087, 0.3158785658654914]
32rc:[2.2222222222222217e-06, 0.9999934597794351, 4.317998342549293e-06]
32rcc:[1.111111111111111e-06, 4.0780900073706125e-05, 0.9999581079888151]
32rccr:[0.13873000703148133, 0.8612699929685186]
32rcr:[2.6101436571362445e-05, 0.9999235489920172, 5.0349571411450514e-05]
32rcrr:[5.841116398006667e-05, 0.9999415888360199]
32rrc:[1.111111111111272e-06, 0.8488415895459706, 0.15115729934291822]
32rrcc:[1.111111111111111e-06, 0.5637444020913106, 0.43625448679757817]
32rrccr:[1.6666666666666667e-06, 0.9999983333333333]
32rrcr:[0.0467141862676532, 0.9530753958013752, 0.00021041793097152886]
32rrcrr:[0.9913645047381039, 0.00863549526189618]
33cc:[5e-06, 9.924149624277959e-06, 0.9999850758503758]
33ccc:[8.333333333333332e-06, 1.1601476431734116e-05, 0.9999800651902349]
33cccr:[7.5e-06, 0.9999925]
33ccr:[9.999999999999999e-06, 1.2857142857142856e-05, 0.9999771428571429]
33ccrr:[7.5e-06, 0.9999925]
33crc:[1.6666666666666667e-06, 0.005218353084779692, 0.9947799802485536]
33crcc:[8.333333333333332e-06, 1.3744661805856364e-05, 0.9999779220048607]
33crccr:[2.5e-06, 0.9999975]
33crcr:[9.999999999999999e-06, 1.3636363636363635e-05, 0.9999763636363637]
33crcrr:[2.5e-06, 0.9999975]
33rc:[3.3333333333333333e-06, 4.3591294406204334e-05, 0.9999530753722605]
33rcc:[1.6666666666666669e-06, 1.1612231934389236e-05, 0.999986721101399]
33rccr:[5e-06, 0.999995]
33rcr:[3.3333333333333333e-06, 6.96969696969697e-06, 0.999989696969697]
33rcrr:[5e-06, 0.999995]
33rrc:[1.6666666666665472e-06, 0.24885874451595963, 0.7511395888173736]
33rrcc:[1.6666666666666667e-06, 5.424129966370666e-06, 0.999992909203367]
33rrccr:[2.5e-06, 0.9999975]
33rrcr:[1.6666666666666662e-06, 5.771919254019713e-06, 0.9999925614140792]
33rrcrr:[2.5e-06, 0.9999975]
3c:[6.367218543953933e-06, 0.05335622099140447, 0.9466374117900517]
3cr:[7.905415133631026e-06, 0.9999920945848664]
3r:[2.1522731382284574e-06, 0.00326226890020567, 0.9967355788266561]
3rr:[2.451691401134876e-06, 0.9999975483085989]
